1394
3736
4457
2123
4399
4930
3416
1327
4001
 296
 277
1819
 518
 364
3357
3248
3872
3208
4138
3738
 344
1188
1839
 314
4615
4932
4519
1916
4506
2327
1336
3764
1383
 284
2418
 660
2745
1016
1154
 725
 457
2198
2041
 941
2616
2114
  57
2195
1968
1289
 608
4556
4952
1382
2730
2179
1073
4080
2556
 786
4131
2767
4116
 697
3273
1148
 474
1253
3307
3544
1030
3414
3068
 950
 943
1655
1803
4415
 824
 603
 415
2012
  27
4693
3244
2338
4211
1598
4281
1763
4827
3731
3775
4392
3036
1427
1903
4694
 918
3455
3725
3997
 334
3726
4579
1304
4898
2107
2088
1703
1088
2791
1594
2648
3189
1178
3804
2495
4997
2692
 676
1053
4941
3946
1136
3032
2187
2700
 699
3184
 947
1542
2507
4847
1296
 188
 251
1626
4251
2459
  54
 264
2978
4890
2751
2788
2408
1576
 897
1759
3535
 886
2115
1012
 133
4636
4403
1286
3282
 732
 711
4091
 224
1676
4707
2462
2627
 146
3020
3247
 822
 422
2634
4540
4205
1050
1949
1145
2121
1881
4605
3777
4382
2053
 915
1836
3626
1442
1531
3922
1809
1609
1679
4400
3712
 633
 513
2833
2043
4811
3646
 639
2772
3528
2593
 453
3035
 254
3621
2722
2818
 686
   3
 935
 126
4228
1114
1199
4866
1037
1904
1002
4926
 564
 478
4459
2317
3121
2202
3387
3446
1105
1305
1484
4557
4775
4547
 720
3000
2830
4733
1764
1103
 874
 944
 241
3835
3683
4220
3174
4494
3131
2577
 240
 179
2821
 569
3128
2210
3473
1907
  63
3112
4869
2614
 225
4750
  92
2711
1005
4578
2976
1635
3732
3897
 230
2265
3170
1878
4271
1301
1801
2163
4912
1122
3935
3609
3806
1283
1487
1028
1783
1185
3650
4289
 803
1643
3479
   4
3696
1248
4586
2320
2657
2599
3516
 656
 764
2295
1535
 373
  55
1254
4063
 316
3563
2298
2840
4545
 866
2677
 666
1700
2139
4706
2939
3531
 865
4776
3654
2520
3499
1524
1932
 242
1082
1414
2316
 417
3743
4259
3302
3325
4178
2379
1797
1791
1606
4206
2301
3238
 255
4531
  32
4960
4826
3701
1316
2278
2230
4246
2672
2411
2561
2026
3800
2898
2458
3623
4956
 313
 570
2075
 351
2516
4328
1450
3006
2959
1138
4452
1832
2155
2565
 695
3659
2421
3218
2216
1161
4185
1423
2074
4721
1923
2071
3691
2376
3917
2197
3415
1583
3475
4765
 492
2101
1102
 356
4749
4194
 529
1543
1532
2883
1765
 465
  36
4886
3348
1942
1618
4978
1425
 682
1805
1603
4410
2574
3133
1766
3739
4232
4428
2731
 153
 445
2598
1726
1831
4215
3854
1046
 628
2185
1048
2499
 827
 657
3924
2234
4288
4801
 946
1478
4862
2055
3883
2793
1822
1432
1408
4463
2600
 377
3472
3911
1131
3326
1353
4106
4642
4377
4156
4747
1853
2386
2456
2758
4918
2989
1086
2519
2261
3580
1395
2659
2426
 369
 431
2377
3845
3951
1976
1563
1378
4145
2252
2796
2623
2785
4054
1067
2676
1121
4896
2189
1332
2368
4639
1271
4034
1610
2204
  11
  13
1683
2684
1440
2867
1983
3104
1501
3641
4011
2217
4984
 801
1346
3442
 382
 110
4234
1043
2807
3559
3486
1303
 561
2021
1470
4347
2615
2698
2237
1590
4422
 352
2580
1879
1116
 883
 140
 400
3490
2955
1221
4287
3136
4332
2479
 198
 948
1712
1580
1705
3107
1222
 600
 995
2852
4002
1692
3766
3724
4199
2770
3976
1861
2307
3977
4940
2637
4282
3669
2238
2390
 750
 380
2498
2897
3130
1192
1710
2656
1737
2159
4928
3265
2256
4601
3253
3223
1071
2166
2224
 520
2948
1619
3896
3533
4616
4020
4719
3816
 626
1396
4571
3196
 141
3140
2045
4649
3312
2960
1247
4743
 722
 977
2331
 504
1547
2526
  80
2434
1508
3570
4362
3178
1769
3571
3690
3744
4785
 197
 612
3493
1659
2396
 420
3663
3706
2991
 245
3062
3094
4976
2855
 263
1708
3023
 283
2231
4284
2349
1558
 745
2919
1796
 104
2740
 265
 923
4027
3562
3539
4942
4656
1767
1772
1846
3834
3529
1210
  95
1307
4446
4424
4290
3099
2589
4860
4900
 268
4273
4562
1431
3598
4130
2874
 743
1823
3786
 470
3803
3602
3686
4703
4158
2568
1123
2113
4766
4933
3758
4261
4514
3593
3401
4137
4954
2938
 243
4805
3522
2336
 741
 710
 988
4333
 191
1947
4024
3047
1368
4808
2247
4899
 798
3034
 797
3241
4746
4069
 792
2469
2146
4111
 949
4990
3350
2162
1694
2112
4699
 791
4501
2805
 939
2790
3813
2066
3988
 501
2936
1029
3575
2680
 166
1001
1191
 384
1317
4967
4512
2962
2841
 236
3172
1689
4345
4426
3199
2235
 388
2870
3173
1751
1076
1519
3901
  98
4342
4225
3971
3319
2429
1634
2584
3097
1215
 999
4814
2111
  17
2669
 131
 152
4222
4292
1665
2873
2705
3583
 419
1901
2787
 222
3194
3551
2083
2154
4276
4863
 714
2727
3365
2920
 817
2969
1438
2827
3484
4777
 979
4330
4894
3532
2809
3164
3161
2728
 340
4704
1844
2603
1850
 661
2018
4681
4264
3860
1935
 119
  65
 870
2736
1866
1955
 231
4977
 357
4728
3682
3694
3956
2849
2464
2537
4075
3588
 566
4478
1781
4298
1409
1575
  18
2996
3181
 825
1550
 244
4980
 246
4267
3558
2663
2397
1624
 389
1933
3332
3228
4981
4090
1902
 672
 341
2357
4737
1313
1198
 779
 199
2138
4061
1033
3270
2259
4058
2085
4865
2824
 694
2660
3543
 218
 221
3980
 702
1075
4421
 168
1884
3643
2907
4359
4813
1872
 447
4204
 850
4037
 460
1970
3063
4596
3362
1042
3664
 706
4723
 375
3342
3268
2575
1392
3632
3013
3688
 144
 430
2529
3180
4269
2171
1282
 482
2626
2082
4538
 802
 160
 575
3893
1386
1877
 354
 903
2441
3390
3592
4957
1920
3957
3431
1587
1925
1475
 998
2103
3024
2512
  97
 730
3102
2065
 758
3295
1731
 111
2635
3517
2177
1752
1201
  52
   2
5000
2477