3999
3995
3985
3982
3970
3969
3968
3967
3955
3953
3951
3947
3943
3939
3938
3935
3928
3926
3915
3914
3913
3911
3908
3907
3906
3903
3899
3898
3895
3886
3885
3883
3880
3875
3873
3869
3867
3866
3863
3859
3858
3847
3846
3842
3838
3836
3832
3829
3825
3813
3811
3810
3809
3801
3798
3796
3792
3787
3780
3771
3767
3766
3759
3753
3752
3750
3746
3745
3741
3739
3735
3714
3712
3710
3692
3686
3681
3678
3677
3669
3668
3667
3666
3665
3649
3648
3647
3644
3641
3637
3634
3630
3629
3627
3619
3616
3614
3603
3597
3587
3585
3579
3578
3577
3575
3574
3573
3564
3560
3551
3547
3539
3538
3537
3533
3530
3529
3518
3514
3510
3506
3502
3500
3490
3488
3487
3486
3481
3475
3462
3458
3457
3451
3449
3445
3440
3437
3436
3434
3431
3430
3428
3418
3417
3412
3410
3402
3400
3397
3396
3395
3382
3381
3380
3378
3372
3368
3364
3355
3353
3349
3348
3345
3342
3341
3337
3326
3320
3319
3318
3317
3316
3313
3310
3309
3305
3301
3300
3293
3289
3287
3283
3276
3275
3271
3265
3258
3256
3252
3250
3244
3236
3234
3232
3225
3222
3217
3216
3214
3213
3208
3207
3200
3195
3189
3187
3183
3176
3174
3168
3165
3164
3155
3153
3152
3151
3147
3146
3145
3142
3139
3138
3132
3130
3128
3127
3125
3119
3118
3114
3113
3112
3108
3099
3097
3096
3095
3091
3090
3084
3082
3080
3078
3076
3066
3064
3061
3058
3047
3046
3038
3036
3025
3024
3020
3017
3010
3005
3004
3002
3001
2994
2993
2990
2983
2980
2979
2978
2977
2973
2965
2961
2956
2952
2951
2949
2941
2939
2931
2929
2927
2923
2921
2920
2917
2913
2911
2907
2904
2900
2898
2897
2894
2892
2891
2880
2879
2872
2870
2869
2866
2858
2857
2849
2844
2842
2835
2832
2831
2827
2826
2824
2821
2818
2815
2799
2796
2795
2792
2786
2785
2781
2779
2778
2777
2772
2766
2763
2755
2749
2748
2746
2740
2737
2735
2732
2731
2729
2727
2717
2716
2712
2711
2702
2699
2694
2691
2687
2677
2676
2675
2666
2660
2658
2656
2655
2641
2640
2634
2626
2625
2622
2617
2613
2607
2597
2588
2584
2578
2573
2569
2563
2561
2560
2559
2555
2547
2535
2534
2519
2517
2515
2507
2506
2497
2494
2490
2489
2483
2482
2478
2477
2476
2474
2473
2471
2467
2465
2461
2457
2449
2437
2431
2423
2418
2413
2412
2406
2405
2404
2400
2399
2392
2390
2388
2386
2385
2383
2380
2379
2377
2376
2358
2357
2352
2348
2347
2346
2345
2338
2337
2335
2325
2318
2316
2315
2312
2310
2305
2302
2301
2292
2287
2285
2282
2273
2270
2265
2263
2261
2251
2248
2239
2235
2232
2229
2220
2216
2213
2212
2210
2207
2202
2197
2193
2186
2181
2179
2176
2173
2168
2155
2153
2150
2145
2144
2139
2136
2127
2125
2123
2119
2115
2111
2103
2102
2098
2097
2093
2088
2085
2082
2080
2073
2072
2068
2066
2060
2059
2056
2051
2048
2045
2038
2037
2030
2029
2027
2022
2018
2017
2016
1999
1997
1992
1988
1984
1983
1974
1971
1968
1964
1950
1947
1939
1931
1930
1925
1923
1920
1915
1910
1905
1903
1899
1898
1897
1890
1884
1879
1874
1870
1868
1860
1853
1842
1817
1815
1814
1813
1812
1807
1805
1798
1796
1790
1788
1786
1785
1782
1780
1777
1776
1774
1773
1772
1770
1764
1760
1752
1751
1749
1747
1744
1739
1734
1732
1731
1729
1721
1712
1706
1698
1696
1691
1689
1670
1665
1664
1661
1647
1646
1645
1641
1639
1633
1628
1623
1621
1612
1611
1609
1608
1607
1601
1598
1595
1592
1580
1578
1575
1572
1571
1569
1568
1567
1564
1561
1538
1536
1527
1520
1517
1514
1508
1500
1495
1491
1489
1488
1487
1486
1485
1473
1469
1468
1466
1460
1456
1446
1445
1444
1443
1441
1440
1438
1436
1434
1432
1428
1420
1419
1418
1414
1409
1407
1405
1402
1400
1394
1393
1386
1385
1381
1379
1372
1371
1367
1363
1361
1357
1355
1351
1349
1347
1340
1329
1310
1309
1308
1307
1306
1287
1286
1282
1280
1277
1265
1263
1261
1259
1256
1241
1239
1238
1236
1230
1229
1227
1224
1222
1220
1218
1215
1213
1212
1211
1209
1206
1197
1196
1195
1189
1185
1168
1167
1165
1160
1148
1142
1136
1135
1131
1127
1121
1111
1106
1102
1099
1095
1086
1084
1081
1080
1075
1074
1073
1072
1065
1052
1049
1045
1035
1032
1029
1026
1021
1020
1019
1007
1000
996
993
990
989
984
977
974
960
958
957
953
946
937
932
930
922
920
919
917
912
909
898
897
896
894
891
887
879
877
876
875
872
870
869
866
859
851
848
847
843
841
835
834
829
827
824
822
821
818
802
797
796
792
791
785
783
770
763
751
742
740
737
735
734
731
726
723
713
707
706
703
701
699
698
695
692
690
689
680
679
677
675
668
664
661
658
655
654
649
634
629
627
620
618
616
611
606
602
601
597
589
587
585
583
575
564
563
561
554
547
542
540
535
534
531
519
518
517
514
513
509
505
497
494
490
489
486
485
484
481
475
474
473
462
461
459
456
455
451
439
435
427
423
420
419
418
415
412
404
397
386
382
379
375
370
368
367
365
353
347
342
341
338
337
335
327
325
313
308
305
302
298
297
290
289
288
285
282
281
276
273
268
267
261
260
259
253
251
249
241
237
227
220
216
214
211
203
195
193
192
189
188
187
184
182
178
177
164
157
153
149
148
147
146
137
134
131
117
114
113
102
100
98
86
79
74
73
72
67
62
57
53
49
42
40
39
38
37
29
26
22
20
17
16
12
9
4
3
2