1
5
8
13
18
20
24
25
31
32
35
41
44
48
51
55
63
64
66
69
77
78
79
84
86
89
99
108
111
117
118
119
127
131
144
146
156
157
162
165
166
170
171
173
182
187
188
190
192
198
213
219
223
230
232
233
249
253
259
261
275
276
279
291
297
299
302
321
326
329
333
334
336
337
338
342
347
352
358
362
367
369
378
380
381
389
394
398
399
400
401
405
408
418
420
423
426
434
435
442
462
465
468
472
474
477
482
485
486
490
514
525
526
530
537
539
544
546
556
566
567
573
574
577
583
584
591
601
605
613
615
618
624
630
634
642
643
648
653
654
656
663
680
688
691
694
701
702
714
719
730
732
735
737
738
746
749
755
761
765
771
773
781
785
789
795
799
805
809
811
812
816
820
822
829
832
839
840
843
848
849
852
854
857
863
867
871
872
878
882
884
887
898
902
904
913
915
916
918
921
928
929
934
937
939
941
952
954
956
963
982
985
989
993
994
1000
1002
1011
1013
1018
1022
1042
1054
1067
1071
1076
1077
1079
1083
1088
1094
1100
1108
1112
1116
1125
1127
1128
1137
1149
1155
1156
1161
1166
1177
1182
1192
1199
1213
1214
1216
1218
1220
1233
1236
1240
1265
1267
1269
1271
1272
1279
1281
1282
1286
1290
1291
1294
1295
1299
1311
1313
1328
1329
1330
1339
1345
1354
1363
1372
1373
1382
1385
1392
1393
1396
1403
1407
1409
1417
1418
1421
1461
1467
1470
1471
1475
1476
1477
1478
1483
1486
1492
1493
1504
1507
1509
1513
1519
1520
1522
1527
1528
1529
1532
1534
1538
1551
1559
1566
1571
1575
1576
1583
1587
1588
1589
1590
1601
1608
1609
1610
1612
1617
1618
1623
1632
1637
1638
1639
1644
1647
1653
1656
1665
1687
1688
1700
1701
1706
1713
1718
1719
1726
1729
1736
1745
1752
1758
1766
1767
1777
1781
1791
1798
1803
1805
1810
1813
1814
1815
1820
1836
1838
1848
1850
1853
1857
1858
1863
1881
1885
1888
1890
1891
1894
1899
1902
1904
1905
1911
1914
1921
1922
1927
1933
1934
1935
1943
1952
1955
1958
1965
1976
1978
1979
1984
1986
1987
1990
2004
2011
2013
2014
2022
2023
2029
2033
2039
2046
2048
2050
2065
2090
2095
2098
2102
2105
2109
2111
2114
2116
2117
2119
2124
2127
2132
2135
2139
2142
2145
2153
2154
2155
2156
2169
2170
2179
2183
2185
2193
2197
2200
2201
2206
2211
2214
2216
2217
2220
2229
2234
2236
2243
2244
2261
2263
2264
2265
2267
2270
2271
2273
2275
2279
2283
2289
2292
2293
2298
2305
2308
2313
2314
2316
2320
2329
2331
2339
2346
2350
2353
2356
2359
2360
2368
2369
2378
2379
2381
2382
2386
2391
2404
2406
2409
2420
2421
2438
2455
2458
2464
2470
2476
2482
2489
2494
2495
2504
2522
2528
2532
2541
2548
2562
2564
2567
2578
2593
2594
2610
2612
2618
2620
2622
2625
2626
2633
2635
2639
2643
2649
2650
2651
2654
2655
2657
2660
2668
2673
2687
2712
2717
2719
2720
2725
2731
2734
2736
2744
2745
2747
2749
2750
2753
2754
2756
2758
2769
2770
2771
2772
2774
2777
2778
2780
2789
2790
2791
2792
2800
2803
2814
2818
2828
2829
2838
2847
2848
2849
2856
2858
2864
2875
2876
2902
2903
2914
2924
2930
2932
2940
2941
2953
2994
2999
3005
3015
3017
3027
3033
3035
3037
3051
3061
3064
3066
3067
3072
3073
3077
3080
3081
3085
3086
3087
3099
3104
3108
3115
3118
3124
3136
3141
3144
3147
3151
3152
3153
3154
3162
3184
3194
3195
3208
3214
3216
3217
3227
3230
3231
3234
3236
3239
3245
3252
3253
3255
3256
3266
3267
3273
3282
3285
3288
3290
3293
3296
3297
3303
3306
3307
3310
3314
3315
3317
3325
3328
3331
3335
3340
3345
3350
3357
3376
3377
3381
3387
3394
3396
3407
3415
3421
3424
3429
3438
3442
3448
3451
3452
3456
3464
3470
3473
3475
3476
3479
3492
3494
3498
3499
3500
3505
3514
3515
3521
3523
3528
3539
3548
3558
3561
3565
3572
3583
3593
3594
3598
3599
3602
3604
3605
3609
3616
3617
3621
3622
3623
3624
3629
3630
3641
3657
3660
3669
3678
3685
3688
3691
3701
3715
3726
3731
3734
3736
3737
3741
3743
3747
3748
3751
3753
3754
3758
3760
3762
3766
3770
3772
3774
3790
3791
3792
3794
3796
3802
3806
3807
3811
3823
3827
3833
3838
3842
3870
3872
3875
3886
3887
3888
3893
3896
3897
3906
3908
3909
3915
3916
3917
3921
3927
3928
3930
3949
3953
3963
3983
3984
3986
3989
4005
4011
4017
4018
4019
4036
4048
4052
4056
4059
4067
4068
4080
4087
4091
4095
4096
4097
4103
4114
4118
4125
4128
4135
4137
4138
4152
4154
4163
4166
4169
4179
4183
4184
4185
4189
4191
4199
4204
4205
4206
4222
4223
4234
4244
4252
4257
4270
4273
4276
4278
4284
4288
4291
4300
4301
4302
4316
4327
4329
4336
4344
4345
4348
4351
4353
4355
4364
4365
4366
4380
4382
4406
4409
4416
4418
4420
4431
4443
4452
4455
4460
4461
4463
4464
4465
4467
4468
4472
4473
4478
4483
4487
4494
4499
4501
4505
4511
4514
4515
4521
4522
4535
4539
4544
4555
4558
4562
4567
4571
4578
4586
4593
4600
4613
4619
4620
4627
4629
4639
4658
4671
4674
4676
4686
4690
4692
4701
4706
4710
4711
4712
4714
4716
4728
4730
4741
4756
4766
4767
4769
4770
4777
4780
4782
4785
4787
4789
4798
4802
4806
4807
4811
4819
4828
4832
4833
4834
4836
4839
4846
4848
4849
4852
4863
4864
4868
4875
4879
4888
4900
4902
4905
4907
4911
4923
4924
4925
4930
4938
4957
4967
4973
4978
4981
4983
4987
4993
4995
4997